     1 1     748.0000       1.0000     375.0672
     2 1     741.0000       1.0000     438.5166
     3 1     736.0000       1.0000     393.0562
     4 1     743.0000       1.0000     441.8455
     5 1     754.0000       1.0000     385.0153
     6 1     736.0000       1.0000     382.9826
     7 1     748.0000       1.0000     449.5219
     8 1     741.0000       1.0000     416.1992
     9 1     769.0000       1.0000     443.6095
    10 1     754.0000       1.0000     452.0736
    11 1     752.0000       1.0000     397.3788
    12 1     764.0000       1.0000     365.1707
    13 1     745.0000       1.0000     419.5704
    14 1     735.0000       1.0000     342.3663
    15 1     738.0000       1.0000     370.3254
    16 1     751.0000       1.0000     349.1271
    17 1     753.0000       1.0000     374.9466
    18 1     747.0000       1.0000     390.2854
    19 1     754.0000       1.0000     415.7461
    20 1     767.0000       1.0000     392.2280
    21 1     769.0000       1.0000     449.9086
    22 1     740.0000       1.0000     378.3421
    23 1     746.0000       1.0000     432.3060
    24 1     725.0000       1.0000     364.8989
    25 1     733.0000       1.0000     387.9069
    26 1     738.0000       1.0000     374.9498
    27 1     708.0000       1.0000     432.1049
    28 1     761.0000       1.0000     378.6166
    29 1     737.0000       1.0000     344.4541
    30 1     759.0000       1.0000     403.2860
    31 1     732.0000       1.0000     373.0501
    32 1     739.0000       1.0000     351.5737
    33 1     767.0000       1.0000     412.0933
    34 1     748.0000       1.0000     390.8305
    35 1     740.0000       1.0000     437.3927
    36 1     732.0000       1.0000     328.3357
    37 1     748.0000       1.0000     370.9363
    38 1     745.0000       1.0000     403.0078
    39 1     735.0000       1.0000     362.0674
    40 1     771.0000       1.0000     412.1210
    41 1     741.0000       1.0000     370.8104
    42 1     745.0000       1.0000     411.5844
    43 1     746.0000       1.0000     380.6018
    44 1     736.0000       1.0000     359.7873
    45 1     779.0000       1.0000     344.3735
    46 1     741.0000       1.0000     347.0651
    47 1     719.0000       1.0000     378.0282
    48 1     759.0000       1.0000     394.2829
    49 1     758.0000       1.0000     427.1299
    50 1     728.0000       1.0000     431.3701
    51 1     741.0000       1.0000     369.8370
    52 1     735.0000       1.0000     421.8415
    53 1     742.0000       1.0000     378.8627
    54 1     725.0000       1.0000     386.7987
    55 1     732.0000       1.0000     401.6444
    56 1     724.0000       1.0000     420.3808
    57 1     734.0000       1.0000     434.1563
    58 1     728.0000       1.0000     424.1815
    59 1     749.0000       1.0000     338.5468
    60 1     750.0000       1.0000     391.7829
    61 1     739.0000       1.0000     377.4961
    62 1     732.0000       1.0000     400.4000
    63 1     734.0000       1.0000     402.3744
    64 1     740.0000       1.0000     423.8405
    65 1     746.0000       1.0000     381.7303
    66 1     724.0000       1.0000     375.5493
    67 1     741.0000       1.0000     363.8060
    68 1     728.0000       1.0000     370.9887
    69 1     717.0000       1.0000     398.6623
    70 1     718.0000       1.0000     351.5166
    71 1     734.0000       1.0000     404.8486
    72 1     742.0000       1.0000     368.1176
    73 1     744.0000       1.0000     342.5299
    74 1     754.0000       1.0000     350.4371
    75 1     720.0000       1.0000     429.4485
    76 1     726.0000       1.0000     355.1963
    77 1     727.0000       1.0000     393.7775
    78 1     736.0000       1.0000     373.3091
    79 1     717.0000       1.0000     357.6050
    80 1     728.0000       1.0000     421.4136
    81 1     737.0000       1.0000     367.1792
    82 1     730.0000       1.0000     412.7099
    83 1     682.0000       1.0000     396.5295
    84 1     727.0000       1.0000     387.6886
    85 1     722.0000       1.0000     403.8668
    86 1     742.0000       1.0000     432.3580
    87 1     726.0000       1.0000     363.3129
    88 1     709.0000       1.0000     389.9139
    89 1     725.0000       1.0000     412.6371
    90 1     726.0000       1.0000     416.9473
    91 1     736.0000       1.0000     423.0864
    92 1     729.0000       1.0000     383.9394
    93 1     713.0000       1.0000     401.8609
    94 1     728.0000       1.0000     367.6662
    95 1     713.0000       1.0000     442.1118
    96 1     750.0000       1.0000     486.9635
    97 1     737.0000       1.0000     411.2375
    98 1     716.0000       1.0000     411.7821
    99 1     719.0000       1.0000     375.1553
   100 1     727.0000       1.0000     414.7220
   101 1     739.0000       1.0000     362.6680
   102 1     747.0000       1.0000     331.3331
   103 1     711.0000       1.0000     371.7554
   104 1     702.0000       1.0000     364.1515
   105 1     743.0000       1.0000     394.3009
   106 1     738.0000       1.0000     345.1220
   107 1     716.0000       1.0000     367.8401
   108 1     726.0000       1.0000     405.3639
   109 1     713.0000       1.0000     382.5595
   110 1     745.0000       1.0000     419.6015
   111 1     702.0000       1.0000     388.8292
   112 1     709.0000       1.0000     332.0162
   113 1     714.0000       1.0000     366.0475
   114 1     712.0000       1.0000     383.3246
   115 1     732.0000       1.0000     432.1395
   116 1     731.0000       1.0000     400.8895
   117 1     738.0000       1.0000     342.2280
   118 1     712.0000       1.0000     396.5447
   119 1     739.0000       1.0000     406.0405
   120 1     728.0000       1.0000     377.6414
   121 1     722.0000       1.0000     405.3718
   122 1     743.0000       1.0000     394.6324
   123 1     713.0000       1.0000     387.5631
   124 1     724.0000       1.0000     406.4010
   125 1     764.0000       1.0000     350.8685
   126 1     734.0000       1.0000     398.2522
   127 1     721.0000       1.0000     358.6896
   128 1     726.0000       1.0000     352.3034
   129 1     720.0000       1.0000     367.5373
   130 1     716.0000       1.0000     351.6218
   131 1     734.0000       1.0000     402.2545
   132 1     716.0000       1.0000     417.6330
   133 1     695.0000       1.0000     404.8495
   134 1     733.0000       1.0000     384.2689
   135 1     708.0000       1.0000     404.9513
   136 1     720.0000       1.0000     407.4621
   137 1     706.0000       1.0000     383.2965
   138 1     709.0000       1.0000     404.5545
   139 1     738.0000       1.0000     398.9231
   140 1     755.0000       1.0000     368.8136
   141 1     722.0000       1.0000     442.3645
   142 1     699.0000       1.0000     339.5665
   143 1     742.0000       1.0000     418.4047
   144 1     722.0000       1.0000     461.1595
   145 1     717.0000       1.0000     368.0271
   146 1     688.0000       1.0000     406.8410
   147 1     711.0000       1.0000     307.5094
   148 1     720.0000       1.0000     344.3429
   149 1     746.0000       2.0000     415.4437
   150 1     782.0000       2.0000     414.6984
   151 1     762.0000       2.0000     409.3965
   152 1     751.0000       2.0000     369.3575
   153 1     730.0000       2.0000     362.5636
   154 1     723.0000       2.0000     394.9921
   155 1     759.0000       2.0000     381.0744
   156 1     746.0000       2.0000     381.9895
   157 1     732.0000       2.0000     386.0553
   158 1     733.0000       2.0000     471.2280
   159 1     758.0000       2.0000     378.0526
   160 1     726.0000       2.0000     404.1560
   161 1     740.0000       2.0000     392.7552
   162 1     740.0000       2.0000     415.6527
   163 1     762.0000       2.0000     431.5488
   164 1     764.0000       2.0000     350.5012
   165 1     749.0000       2.0000     372.9588
   166 1     761.0000       2.0000     397.4772
   167 1     741.0000       2.0000     448.8025
   168 1     746.0000       2.0000     384.3568
   169 1     749.0000       2.0000     390.4377
   170 1     735.0000       2.0000     425.7661
   171 1     746.0000       2.0000     382.4140
   172 1     735.0000       2.0000     416.1199
   173 1     708.0000       2.0000     346.4794
   174 1     746.0000       2.0000     379.0496
   175 1     757.0000       2.0000     350.8231
   176 1     739.0000       2.0000     338.0234
   177 1     744.0000       2.0000     395.1947
   178 1     736.0000       2.0000     414.5973
   179 1     776.0000       2.0000     392.2183
   180 1     746.0000       2.0000     419.7894
   181 1     742.0000       2.0000     394.9134
   182 1     763.0000       2.0000     419.3879
   183 1     741.0000       2.0000     360.8158
   184 1     759.0000       2.0000     401.4647
   185 1     738.0000       2.0000     376.9905
   186 1     745.0000       2.0000     355.6878
   187 1     747.0000       2.0000     433.4588
   188 1     739.0000       2.0000     357.1777
   189 1     725.0000       2.0000     396.5347
   190 1     742.0000       2.0000     418.6557
   191 1     770.0000       2.0000     374.0866
   192 1     746.0000       2.0000     410.8211
   193 1     764.0000       2.0000     426.1562
   194 1     722.0000       2.0000     427.2303
   195 1     736.0000       2.0000     373.7765
   196 1     742.0000       2.0000     374.3899
   197 1     750.0000       2.0000     464.5218
   198 1     747.0000       2.0000     397.1769
   199 1     734.0000       2.0000     387.2073
   200 1     736.0000       2.0000     412.4645
   201 1     724.0000       2.0000     396.8145
   202 1     740.0000       2.0000     397.5121
   203 1     741.0000       2.0000     409.5100
   204 1     750.0000       2.0000     415.7277
   205 1     738.0000       2.0000     377.0060
   206 1     742.0000       2.0000     408.9967
   207 1     752.0000       2.0000     359.9448
   208 1     751.0000       2.0000     380.9505
   209 1     750.0000       2.0000     326.5485
   210 1     746.0000       2.0000     419.0912
   211 1     740.0000       2.0000     352.5969
   212 1     740.0000       2.0000     386.3666
   213 1     731.0000       2.0000     401.2709
   214 1     721.0000       2.0000     393.3647
   215 1     732.0000       2.0000     351.6577
   216 1     728.0000       2.0000     349.6793
   217 1     730.0000       2.0000     382.1624
   218 1     770.0000       2.0000     371.0831
   219 1     737.0000       2.0000     374.9552
   220 1     732.0000       2.0000     406.4394
   221 1     730.0000       2.0000     430.2487
   222 1     716.0000       2.0000     389.3835
   223 1     752.0000       2.0000     405.9840
   224 1     734.0000       2.0000     407.1729
   225 1     747.0000       2.0000     406.4753
   226 1     716.0000       2.0000     368.5452
   227 1     763.0000       2.0000     408.3791
   228 1     766.0000       2.0000     406.2329
   229 1     739.0000       2.0000     332.9728
   230 1     726.0000       2.0000     367.6652
   231 1     734.0000       2.0000     389.0418
   232 1     746.0000       2.0000     408.4685
   233 1     738.0000       2.0000     396.9425
   234 1     747.0000       2.0000     369.8667
   235 1     726.0000       2.0000     382.8260
   236 1     732.0000       2.0000     377.3946
   237 1     729.0000       2.0000     371.5160
   238 1     730.0000       2.0000     379.4794
   239 1     745.0000       2.0000     380.6451
   240 1     717.0000       2.0000     386.9626
   241 1     743.0000       2.0000     393.9038
   242 1     710.0000       2.0000     366.3598
   243 1     730.0000       2.0000     344.0803
   244 1     724.0000       2.0000     348.0676
   245 1     738.0000       2.0000     361.9776
   246 1     734.0000       2.0000     407.3241
   247 1     708.0000       2.0000     333.7654
   248 1     738.0000       2.0000     395.7445
   249 1     735.0000       2.0000     410.0639
   250 1     729.0000       2.0000     395.9352
   251 1     719.0000       2.0000     359.2925
   252 1     725.0000       2.0000     427.6086
   253 1     721.0000       2.0000     354.7031
   254 1     732.0000       2.0000     453.6922
   255 1     720.0000       2.0000     365.3141
   256 1     718.0000       2.0000     374.4778
   257 1     722.0000       2.0000     380.9603
   258 1     714.0000       2.0000     400.6480
   259 1     727.0000       2.0000     436.5790
   260 1     781.0000       2.0000     395.7729
   261 1     730.0000       2.0000     353.2833
   262 1     744.0000       2.0000     333.1110
   263 1     726.0000       2.0000     410.8574
   264 1     725.0000       2.0000     374.9121
   265 1     725.0000       2.0000     445.8757
   266 1     733.0000       2.0000     428.6309
   267 1     773.0000       2.0000     395.6604
   268 1     727.0000       2.0000     342.9978
   269 1     720.0000       2.0000     374.4945
   270 1     731.0000       2.0000     374.9498
   271 1     731.0000       2.0000     397.1666
   272 1     729.0000       2.0000     354.3033
   273 1     723.0000       2.0000     380.8635
   274 1     744.0000       2.0000     366.9968
   275 1     713.0000       2.0000     360.2713
   276 1     728.0000       2.0000     419.5287
   277 1     720.0000       2.0000     373.8550
   278 1     714.0000       2.0000     389.3625
   279 1     716.0000       2.0000     365.2832
   280 1     730.0000       2.0000     407.0816
   281 1     730.0000       2.0000     398.6472
   282 1     726.0000       2.0000     374.5390
   283 1     731.0000       2.0000     366.9988
   284 1     731.0000       2.0000     377.3403
   285 1     726.0000       2.0000     378.2249
   286 1     721.0000       2.0000     375.5545
   287 1     728.0000       2.0000     396.4035
   288 1     722.0000       2.0000     392.6102
   289 1     717.0000       2.0000     389.6005
   290 1     697.0000       2.0000     401.9301
   291 1     721.0000       2.0000     381.3477
   292 1     721.0000       2.0000     394.0677
   293 1     712.0000       2.0000     371.7309
   294 1     704.0000       2.0000     374.4105
   295 1     721.0000       2.0000     363.2172
   296 1     717.0000       2.0000     361.1363
   297 1     727.0000       2.0000     353.9319
   298 1     769.0000       2.0000     406.4959
   299 1     712.0000       2.0000     445.1477
   300 1     719.0000       2.0000     416.7318
   301 1     779.0000       2.0000     417.9094
   302 1     718.0000       2.0000     331.8733
   303 1     755.0000       2.0000     356.6993
   304 1     691.0000       2.0000     361.7254
   305 1     722.0000       2.0000     365.5057
   306 1     689.0000       2.0000     365.1006
   307 1     730.0000       1.0000     378.6461
   308 1     748.0000       1.0000     427.5050
   309 1     745.0000       1.0000     413.7731
   310 1     754.0000       1.0000     400.1712
   311 1     735.0000       1.0000     364.9054
   312 1     724.0000       1.0000     345.1119
   313 1     734.0000       1.0000     387.9361
   314 1     749.0000       1.0000     377.7273
   315 1     764.0000       1.0000     410.9542
   316 1     727.0000       1.0000     348.5687
   317 1     738.0000       1.0000     377.2705
   318 1     739.0000       1.0000     466.3166
   319 1     757.0000       1.0000     404.1734
   320 1     757.0000       1.0000     406.0331
   321 1     743.0000       1.0000     398.0336
   322 1     738.0000       1.0000     411.9101
   323 1     719.0000       1.0000     376.0134
   324 1     734.0000       1.0000     344.6040
   325 1     770.0000       1.0000     394.5008
   326 1     774.0000       1.0000     393.6973
   327 1     731.0000       1.0000     418.8800
   328 1     740.0000       1.0000     377.8131
   329 1     727.0000       1.0000     361.3979
   330 1     735.0000       1.0000     361.7263
   331 1     752.0000       1.0000     445.8903
   332 1     735.0000       1.0000     428.0351
   333 1     740.0000       1.0000     408.9351
   334 1     745.0000       1.0000     412.4084
   335 1     762.0000       1.0000     385.8215
   336 1     726.0000       1.0000     408.4374
   337 1     724.0000       1.0000     372.8387
   338 1     753.0000       1.0000     419.5577
   339 1     747.0000       1.0000     423.7294
   340 1     738.0000       1.0000     421.0078
   341 1     746.0000       1.0000     395.1883
   342 1     749.0000       1.0000     399.4777
   343 1     733.0000       1.0000     394.7139
   344 1     786.0000       1.0000     400.3621
   345 1     791.0000       1.0000     398.1679
   346 1     732.0000       1.0000     342.5573
   347 1     733.0000       1.0000     359.5969
   348 1     727.0000       1.0000     360.8583
   349 1     726.0000       1.0000     416.9347
   350 1     733.0000       1.0000     377.8975
   351 1     733.0000       1.0000     411.1020
   352 1     757.0000       1.0000     389.5275
   353 1     755.0000       1.0000     386.8951
   354 1     746.0000       1.0000     403.7680
   355 1     734.0000       1.0000     438.8896
   356 1     727.0000       1.0000     405.4877
   357 1     756.0000       1.0000     393.9668
   358 1     726.0000       1.0000     363.9326
   359 1     746.0000       1.0000     332.7420
   360 1     738.0000       1.0000     445.3347
   361 1     725.0000       1.0000     413.4989
   362 1     726.0000       1.0000     378.5915
   363 1     712.0000       1.0000     371.8177
   364 1     760.0000       1.0000     374.6447
   365 1     752.0000       1.0000     438.9095
   366 1     733.0000       1.0000     427.8962
   367 1     740.0000       1.0000     378.2651
   368 1     735.0000       1.0000     372.3958
   369 1     721.0000       1.0000     338.9422
   370 1     741.0000       1.0000     412.0768
   371 1     765.0000       1.0000     392.9282
   372 1     752.0000       1.0000     428.1384
   373 1     773.0000       1.0000     438.3945
   374 1     745.0000       1.0000     457.8256
   375 1     733.0000       1.0000     390.3405
   376 1     729.0000       1.0000     456.5160
   377 1     752.0000       1.0000     388.6886
   378 1     730.0000       1.0000     343.7187
   379 1     749.0000       1.0000     400.4194
   380 1     724.0000       1.0000     420.3934
   381 1     753.0000       1.0000     349.2014
   382 1     724.0000       1.0000     369.6370
   383 1     738.0000       1.0000     405.9130
   384 1     724.0000       1.0000     364.4968
   385 1     727.0000       1.0000     410.1043
   386 1     761.0000       1.0000     357.2865
   387 1     738.0000       1.0000     448.1259
   388 1     744.0000       1.0000     421.4185
   389 1     723.0000       1.0000     381.4329
   390 1     741.0000       1.0000     405.1058
   391 1     730.0000       1.0000     350.0460
   392 1     772.0000       1.0000     398.9948
   393 1     720.0000       1.0000     315.2742
   394 1     721.0000       1.0000     404.8814
   395 1     743.0000       1.0000     365.2582
   396 1     724.0000       1.0000     354.3640
   397 1     733.0000       1.0000     411.6858
   398 1     714.0000       1.0000     360.4378
   399 1     730.0000       1.0000     418.6270
   400 1     746.0000       1.0000     401.7208
   401 1     726.0000       1.0000     419.3508
   402 1     713.0000       1.0000     401.5570
   403 1     777.0000       1.0000     424.8733
   404 1     751.0000       1.0000     376.8302
   405 1     732.0000       1.0000     356.4752
   406 1     723.0000       1.0000     394.7717
   407 1     719.0000       1.0000     350.2849
   408 1     727.0000       1.0000     406.5003
   409 1     707.0000       1.0000     348.7444
   410 1     746.0000       1.0000     389.0427
   411 1     743.0000       1.0000     374.8685
   412 1     723.0000       1.0000     354.6611
   413 1     720.0000       1.0000     345.1895
   414 1     718.0000       1.0000     393.6382
   415 1     748.0000       1.0000     362.8910
   416 1     723.0000       1.0000     382.3684
   417 1     719.0000       1.0000     348.7013
   418 1     723.0000       1.0000     390.6649
   419 1     737.0000       1.0000     486.8230
   420 1     725.0000       1.0000     362.4853
   421 1     728.0000       1.0000     409.7602
   422 1     718.0000       1.0000     396.0914
   423 1     716.0000       1.0000     391.7892
   424 1     739.0000       1.0000     354.7526
   425 1     680.0000       1.0000     358.4086
   426 1     752.0000       1.0000     388.1904
   427 1     720.0000       1.0000     387.8409
   428 1     720.0000       1.0000     369.6513
   429 1     726.0000       1.0000     423.6792
   430 1     712.0000       1.0000     387.6522
   431 1     716.0000       1.0000     370.3356
   432 1     720.0000       1.0000     350.3394
   433 1     716.0000       1.0000     364.8444
   434 1     714.0000       1.0000     332.9256
   435 1     716.0000       1.0000     410.1488
   436 1     728.0000       1.0000     352.0267
   437 1     723.0000       1.0000     515.0666
   438 1     713.0000       1.0000     391.0216
   439 1     725.0000       1.0000     403.1130
   440 1     777.0000       1.0000     412.2623
   441 1     769.0000       1.0000     389.3852
   442 1     741.0000       1.0000     444.8938
   443 1     723.0000       1.0000     403.7258
   444 1     715.0000       1.0000     365.5818
   445 1     722.0000       1.0000     413.3410
   446 1     742.0000       1.0000     403.0927
   447 1     727.0000       1.0000     369.6021
   448 1     710.0000       1.0000     429.9463
   449 1     706.0000       1.0000     333.4359
   450 1     714.0000       1.0000     371.9977
   451 1     704.0000       1.0000     347.1709
   452 1     705.0000       1.0000     363.8322
   453 1     711.0000       1.0000     371.0644
   454 1     717.0000       1.0000     338.5013
   455 1     712.0000       1.0000     433.3306
   456 1     749.0000       1.0000     431.7125
   457 1     713.0000       1.0000     382.9202
   458 1     707.0000       1.0000     361.0417
   459 1     703.0000       1.0000     409.8161
   460 1     715.0000       1.0000     369.2028
   461 1     732.0000       1.0000     446.6074
   462 1     705.0000       1.0000     341.1065
   463 1     707.0000       1.0000     345.4029
   464 1     723.0000       1.0000     413.0931
   465 1     690.0000       1.0000     356.8298
   466 1     700.0000       1.0000     385.5341
   467 1     702.0000       1.0000     398.7083
   468 1     705.0000       1.0000     367.8903
   469 1     692.0000       1.0000     355.7888
   470 1     699.0000       1.0000     412.9190
   471 1     720.0000       1.0000     385.6408
   472 1     699.0000       1.0000     378.8568
   473 1     705.0000       1.0000     366.1079
   474 1     747.0000       1.0000     400.1882
   475 1     699.0000       1.0000     348.8794
   476 1     715.0000       1.0000     407.4461
   477 1     704.0000       1.0000     369.0853
   478 1     708.0000       1.0000     370.9231
   479 1     755.0000       1.0000     381.1762
   480 1     742.0000       1.0000     432.2857
   481 1     704.0000       1.0000     348.2596
   482 1     712.0000       1.0000     330.7075
   483 1     713.0000       1.0000     366.9059
   484 1     728.0000       1.0000     357.6193
   485 1     706.0000       1.0000     351.2578
   486 1     695.0000       1.0000     385.7791
   487 1     771.0000       2.0000     373.9033
   488 1     733.0000       2.0000     456.4010
   489 1     771.0000       2.0000     409.3768
   490 1     738.0000       2.0000     456.7643
   491 1     741.0000       2.0000     443.9695
   492 1     739.0000       2.0000     419.7490
   493 1     731.0000       2.0000     399.0299
   494 1     758.0000       2.0000     407.5804
   495 1     730.0000       2.0000     385.0648
   496 1     748.0000       2.0000     341.8657
   497 1     733.0000       2.0000     334.8375
   498 1     727.0000       2.0000     370.7506
   499 1     752.0000       2.0000     414.7835
   500 1     751.0000       2.0000     384.0894
   501 1     782.0000       2.0000     398.1306
   502 1     728.0000       2.0000     358.9535
   503 1     743.0000       2.0000     399.7096
   504 1     738.0000       2.0000     357.8293
   505 1     773.0000       2.0000     442.8685
   506 1     741.0000       2.0000     440.3102
   507 1     735.0000       2.0000     398.4922
   508 1     724.0000       2.0000     452.4668
   509 1     748.0000       2.0000     408.2096
   510 1     750.0000       2.0000     399.8578
   511 1     739.0000       2.0000     344.3338
   512 1     743.0000       2.0000     384.4305
   513 1     746.0000       2.0000     379.0366
   514 1     752.0000       2.0000     365.7976
   515 1     738.0000       2.0000     405.5751
   516 1     762.0000       2.0000     394.2417
   517 1     747.0000       2.0000     395.4906
   518 1     736.0000       2.0000     379.5354
   519 1     726.0000       2.0000     398.3817
   520 1     746.0000       2.0000     386.3285
   521 1     737.0000       2.0000     384.2853
   522 1     730.0000       2.0000     413.8543
   523 1     753.0000       2.0000     383.7791
   524 1     737.0000       2.0000     382.8618
   525 1     733.0000       2.0000     436.2266
   526 1     733.0000       2.0000     345.9986
   527 1     752.0000       2.0000     375.0153
   528 1     743.0000       2.0000     352.1206
   529 1     729.0000       2.0000     367.2126
   530 1     728.0000       2.0000     329.9266
   531 1     748.0000       2.0000     435.1771
   532 1     740.0000       2.0000     362.0595
   533 1     759.0000       2.0000     406.7536
   534 1     733.0000       2.0000     355.5959
   535 1     775.0000       2.0000     397.9190
   536 1     741.0000       2.0000     387.9428
   537 1     725.0000       2.0000     387.8378
   538 1     741.0000       2.0000     380.3077
   539 1     735.0000       2.0000     347.9492
   540 1     730.0000       2.0000     353.3466
   541 1     741.0000       2.0000     395.8590
   542 1     707.0000       2.0000     372.7767
   543 1     741.0000       2.0000     345.2944
   544 1     739.0000       2.0000     415.1611
   545 1     736.0000       2.0000     366.0560
   546 1     730.0000       2.0000     368.7491
   547 1     727.0000       2.0000     352.9717
   548 1     726.0000       2.0000     314.0545
   549 1     719.0000       2.0000     423.9550
   550 1     752.0000       2.0000     445.5769
   551 1     791.0000       2.0000     387.4055
   552 1     740.0000       2.0000     391.5060
   553 1     762.0000       2.0000     431.6578
   554 1     727.0000       2.0000     451.9908
   555 1     797.0000       2.0000     422.0019
   556 1     765.0000       2.0000     376.7058
   557 1     747.0000       2.0000     367.7594
   558 1     729.0000       2.0000     388.2423
   559 1     734.0000       2.0000     382.4029
   560 1     713.0000       2.0000     432.1404
   561 1     732.0000       2.0000     385.2022
   562 1     729.0000       2.0000     357.5175
   563 1     736.0000       2.0000     411.6251
   564 1     751.0000       2.0000     373.8844
   565 1     736.0000       2.0000     326.7871
   566 1     724.0000       2.0000     380.6507
   567 1     747.0000       2.0000     409.3735
   568 1     727.0000       2.0000     371.9493
   569 1     729.0000       2.0000     400.9396
   570 1     739.0000       2.0000     432.5409
   571 1     760.0000       2.0000     349.1639
   572 1     738.0000       2.0000     341.7469
   573 1     723.0000       2.0000     458.7031
   574 1     723.0000       2.0000     403.8363
   575 1     762.0000       2.0000     362.5116
   576 1     734.0000       2.0000     378.3255
   577 1     739.0000       2.0000     386.2860
   578 1     716.0000       2.0000     346.6649
   579 1     765.0000       2.0000     422.2009
   580 1     705.0000       2.0000     365.3128
   581 1     730.0000       2.0000     386.0428
   582 1     749.0000       2.0000     363.1096
   583 1     731.0000       2.0000     387.7788
   584 1     746.0000       2.0000     377.7818
   585 1     765.0000       2.0000     361.8585
   586 1     725.0000       2.0000     412.2795
   587 1     778.0000       2.0000     382.3298
   588 1     739.0000       2.0000     341.2830
   589 1     721.0000       2.0000     322.3390
   590 1     740.0000       2.0000     332.1755
   591 1     713.0000       2.0000     392.1938
   592 1     746.0000       2.0000     446.1038
   593 1     735.0000       2.0000     415.1980
   594 1     723.0000       2.0000     373.2559
   595 1     715.0000       2.0000     373.9483
   596 1     723.0000       2.0000     360.4673
   597 1     728.0000       2.0000     384.2563
   598 1     717.0000       2.0000     355.9110
   599 1     717.0000       2.0000     337.8643
   600 1     733.0000       2.0000     361.7945
   601 1     759.0000       2.0000     381.8578
   602 1     715.0000       2.0000     378.5619
   603 1     740.0000       2.0000     408.1248
   604 1     732.0000       2.0000     395.0415
   605 1     703.0000       2.0000     422.6894
   606 1     702.0000       2.0000     349.2914
   607 1     711.0000       2.0000     298.2889
   608 1     727.0000       2.0000     329.1794
   609 1     716.0000       2.0000     363.7688
   610 1     723.0000       2.0000     324.8551
   611 1     710.0000       2.0000     397.8339
   612 1     724.0000       2.0000     379.1512
   613 1     744.0000       2.0000     342.7869
   614 1     760.0000       2.0000     369.4973
   615 1     717.0000       2.0000     359.6166
   616 1     721.0000       2.0000     386.7584
   617 1     710.0000       2.0000     383.1978
   618 1     739.0000       2.0000     433.5174
   619 1     738.0000       2.0000     398.4343
   620 1     747.0000       2.0000     397.2595
   621 1     713.0000       2.0000     379.4756
   622 1     728.0000       2.0000     378.4640
   623 1     751.0000       2.0000     380.4439
   624 1     717.0000       2.0000     344.1148
   625 1     746.0000       2.0000     372.6537
   626 1     762.0000       2.0000     422.1346
   627 1     749.0000       2.0000     367.7421
   628 1     735.0000       2.0000     401.7144
   629 1     758.0000       2.0000     401.8979
   630 1     743.0000       2.0000     318.8941
   631 1     723.0000       2.0000     344.2409
   632 1     733.0000       2.0000     355.8373
   633 1     729.0000       2.0000     314.2354
   634 1     736.0000       2.0000     376.0960
   635 1     721.0000       2.0000     324.5653
   636 1     726.0000       2.0000     388.7336
   637 1     750.0000       2.0000     392.8453
   638 1     721.0000       2.0000     383.8285
   639 1     711.0000       2.0000     327.7831
   640 1     724.0000       2.0000     333.7770
   641 1     719.0000       2.0000     401.3849
   642 1     734.0000       2.0000     403.9810
   643 1     732.0000       2.0000     435.2280
   644 1     705.0000       2.0000     338.2245
   645 1     725.0000       2.0000     320.8389
   646 1     746.0000       2.0000     389.0240
   647 1     744.0000       2.0000     400.1253
   648 1     708.0000       2.0000     425.4351
   649 1     711.0000       2.0000     411.5741
   650 1     725.0000       2.0000     381.2388
   651 1     735.0000       2.0000     429.9874
   652 1     680.0000       2.0000     410.3062
   653 1     724.0000       2.0000     382.9368
   654 1     740.0000       2.0000     426.8354
   655 1     719.0000       2.0000     368.8980
   656 1     758.0000       2.0000     409.1434
   657 1     716.0000       2.0000     324.3183
   658 1     728.0000       2.0000     350.5019
   659 1     712.0000       2.0000     370.0184
   660 1     741.0000       2.0000     443.3890
   661 1     745.0000       2.0000     350.6493
   662 1     726.0000       2.0000     367.3848
   663 1     713.0000       2.0000     371.5258
   664 1     723.0000       2.0000     445.3167
   665 1     722.0000       2.0000     379.0704
   666 1     713.0000       2.0000     395.1216
   667 1     748.0000       2.0000     406.1498
   668 1     723.0000       2.0000     449.9917
   669 1     734.0000       2.0000     369.1572
   670 1     716.0000       2.0000     415.7954
   671 1     711.0000       2.0000     367.2442
   672 1     715.0000       2.0000     382.5103
   673 1     732.0000       2.0000     366.0277
   674 1     713.0000       2.0000     348.5671
   675 1     726.0000       2.0000     431.7737
   676 1     752.0000       2.0000     347.0217
   677 1     722.0000       2.0000     407.3267
   678 1     717.0000       2.0000     386.6841
   679 1     715.0000       2.0000     311.0099
   680 1     708.0000       2.0000     341.2721
   681 1     730.0000       2.0000     396.6404
   682 1     715.0000       2.0000     377.9105
   683 1     709.0000       2.0000     318.9480
   684 1     717.0000       2.0000     417.9002
   685 1     721.0000       2.0000     355.5006
   686 1     714.0000       2.0000     367.9306
   687 1     723.0000       2.0000     361.5530
   688 1     718.0000       2.0000     395.4150
   689 1     773.0000       2.0000     379.4011
   690 1     711.0000       2.0000     433.9342
   691 1     720.0000       2.0000     375.2866
   692 1     755.0000       2.0000     391.3949
   693 1     726.0000       2.0000     399.8753
   694 1     745.0000       2.0000     396.6479
   695 1     719.0000       2.0000     384.0960
   696 1     719.0000       2.0000     369.5080
   697 1     714.0000       2.0000     399.2014
   698 1     711.0000       2.0000     340.5505
   699 1     711.0000       2.0000     317.4945
   700 1     705.0000       2.0000     361.1854
   701 1     753.0000       2.0000     319.6238
   702 1     743.0000       2.0000     391.8950
   703 1     703.0000       2.0000     398.6046
   704 1     746.0000       2.0000     358.3545
   705 1     716.0000       2.0000     437.1617
   706 1     710.0000       2.0000     383.2680
   707 1     726.0000       2.0000     409.8502
   708 1     752.0000       2.0000     345.3638
   709 1     699.0000       2.0000     351.2647
   710 1     716.0000       2.0000     407.1199
   711 1     709.0000       2.0000     341.1141
   712 1     730.0000       2.0000     352.7763
   713 1     708.0000       2.0000     362.4776
   714 1     711.0000       2.0000     415.3892
   715 1     717.0000       2.0000     381.1077
   716 1     674.0000       2.0000     335.1285
   717 1     715.0000       2.0000     359.9938
   718 1     705.0000       2.0000     372.8935
   719 1     690.0000       2.0000     365.2807
   720 1     707.0000       2.0000     385.8650
   721 1     719.0000       2.0000     344.3826
   722 1     718.0000       2.0000     314.1110
   723 1     715.0000       2.0000     406.0001
   724 1     707.0000       2.0000     344.9896
   725 1     713.0000       2.0000     399.9254
   726 1     698.0000       2.0000     355.5034
   727 1     711.0000       2.0000     357.4996
   728 1     707.0000       2.0000     333.4481
   729 1     737.0000       2.0000     376.5955
   730 1     713.0000       2.0000     315.3161
   731 1     705.0000       2.0000     374.2565
   732 1     705.0000       2.0000     351.1561
   733 1     702.0000       2.0000     351.8649
   734 1     689.0000       2.0000     378.5499
   735 1     703.0000       2.0000     383.0707
   736 1     708.0000       2.0000     343.8498
   737 1     696.0000       2.0000     360.5970
   738 1     711.0000       2.0000     389.5277
   739 1     700.0000       2.0000     411.3546
   740 1     730.0000       2.0000     413.8607
   741 1     699.0000       2.0000     371.9222
   742 1     767.0000       2.0000     358.3117
   743 1     748.0000       2.0000     373.5045
   744 1     704.0000       2.0000     401.9930
   745 1     739.0000       2.0000     392.2573
   746 1     755.0000       1.0000     399.0805
   747 1     762.0000       1.0000     395.5650
   748 1     730.0000       1.0000     391.7446
   749 1     739.0000       1.0000     441.6109
   750 1     733.0000       1.0000     390.8941
   751 1     725.0000       1.0000     352.8356
   752 1     730.0000       2.0000     300.6454
   753 1     723.0000       2.0000     365.9198
   754 1     723.0000       2.0000     346.7321
   755 1     745.0000       2.0000     385.1069
   756 1     765.0000       2.0000     415.6314
   757 1     720.0000       2.0000     344.6879
   758 1     738.0000       2.0000     341.9313
   759 1     740.0000       2.0000     391.3796
   760 1     736.0000       2.0000     416.6867
   761 1     702.0000       2.0000     402.5517
   762 1     734.0000       2.0000     392.5982
